110000001
00100111
1100000000111001011111001010100000001010011
0010111110000000011011010
1110001010000
10010011010101
1110000101010011
0011
01010111001001110
1100100100100100001
0100101001011011011000101
11000000001111011001100010111
1000101110011010110010111110111110101101100110
1000001110011101100010101000
100000100000010111000001101
0011010011001011101010
0011101101111101010001101100111011001001011110111001010111110001011111000110100001000110001111000111101100110011000001001110000101111010110011101011110000010100110001001001
1000001000101011001001000101100010111011
010011111101001011
11001110110011
1000
11001000101110
000100111001011011100000001
10010011
00010
101011100110001011100011000000011010110100000001101
001101101001110110111000100
01000000101101110000011111011001
010011
000000000110101000111111010100101
00001110101010
01010101111011110010111011000101001010011001010111
01110010001101111
101101000000
000010010001010110
0011111000110100001001100
1101000011
0000010111011
001001111000111011
100110001011
0101001100010111110010111010
0101101110101101001111
01001000101101010010
10010010011010100111110110110010110000101101
10000000100101111010001111101011100010000110001000001
0100111001100011100000111110110111101000
00000111001000100100101110001111
100001111011110110111
00110100000001000111111010001101000001000011010011011101
1100110001101001101111000011000011110000100001101011101110100011011000011010001
000000001010010000011010010100000101111101100110111100111000000100010001001000000010011001111010100010011011110000111111
001111
1001111011111110111101000011
001100
1010000001011100111101001010100111001000001010001110101100000000111011000010110001100
11110100110110110101110010111011000110010101111000001100
0101011100111101110011100010110010000001111
0100111001010000100001001010110000000001111000001
010111001010011100011
0101001000101111010000011110
110100010110111010011110000001011010100111100101101100101000100111111
101100010100000001111100
101100110
1001110
00001
111100110011001001
11011100100010010
0100100000110110110
110010010010001100100101001100111100101
10101110000011110100100101011111011111111000000001010001001101100010000011001111000010100111
1111110110100111111
001101101111110100111110000000000111010010
01011
111001100000010101110101110100000001110101110101101011010111
0101111000011010010001000011001011001100011100001
0001001
001001100101001010001011110110110101000001100111000001001100010
01010101100010110000
111100000100010
0100101001111101101100001011110001011000110101011000000011110101110000111
111001100100111
0111011011110011010100
000110001
10010000111111010100100010100
000000010110010
110010010111
000011001010000011110101001010101011111001011011010101111010011100010001001000
00110101
101110111000
0000110000101011101100001100010010110
11001100110000011011010001010111100011111010010001111
111001111010111101111011001
000001101001010000101000011111011100001
001111010010110
10010101001010000001000111
11110111100000100000111
100100111
01
011
1000
01100110001
00001110
101110011111
0011001111001110010
10001000111
01101000111000
00101101000110001001111110
100001100101011
10100000011000111101101000001010
01111110101011001100000000110011011111111010010101110010001101110110111101111000010011
1011101
11001101110
0100000110110100001001111001000010
101100000
000011110101100011011
11110110
0011100000010011
00010001010011001100000111100100101111010110010100010110011100011111111000001010001011011100110010100
010000000011001011011001
000011000111111001010
11001000011110001101001100001001110110111111011000110
000100101000111
001000001011010
10011
01110110011001110011010010110101010110100011
001100000010100111000101010011000001100101001
0110110111
0010011000
101111100010000010
10101010000000010101111111011000
101000011011010010110100100101
0100101010100001
101111000000110001010110001111
011100111111000110110001101110000101001010001011100101110101010010111100010101010000010100000
00110
00011111010
01010111011
01101011101110
10100111010101110100100101001
0001110010101011011001100011101000010
11001010001010100110100000100110
001100001000010111111000011001101000000101011000101110110011000010100101000000000
010011101000001111111000010010100100001100011110110110111000010011
001100111011110000
110101001000101011000000111001010111
00001000001100100010111100000101010001001100101000100001111001111001001101010001001110110100100000010
10000011111
01011000001110110011010011
0111001011001001010010000110000101101100100000010010111001
00111001000111100
011100001001
1010111011
10100111100011001100100100
0111011001011011010001001110111
1011011101010010110111
0010001101000011000000111101000111
1011001001011111001000100011101101011110001100111000111000010010100100000110110100001100011110011
1100111101
0110001000000111010011110101101001111011111000001101101111011010001001111110101111010000
110110111
1101111011111101111000100000001111111101010111110
00101100111010101100000011000101111010100010111101110111111011110010110111100101100101000001000110101011011110001
011111111001001000
0111100111011001001100111
0001000111111011000010000110001001
1000000010000110000101000110111101000111
100100011
11001101
01001001101
1011000011100001111001101100
110010010011
1011101111110010110100000011
000100000111000100100010001000100
00011
100001111110010100110000
011000100011010111100
01011011111100110011010101111000100100011011011000110111000000111000
00001001100111101011101010111110010010000101000010001101110101010010110101111010111000100110100
111100001110111111111011101111000001101011101
0100111010010111
00001010011011101101101000100000111111
1011101
0111111111001110010111001100011110001101010000101
101000100011100
100010110111101100101000010011110101101111110001111101001
010100001010111000011001110110000101110111111
1001001100001
100011100001001010010101111000011011001111
0010001010001011100111101101110
0100101001101
0001101001101101111010001101011111011010110101101000011000101101000110111110
00011100111101010111101000110011100111000111111001
00100110101000011100
0111101001111100100001100100011
01000010100
1101011110
101010101011011000010011
10011000010101
10001011
00001011100011111011001000000101110010001000100000001011011
100011100000000100100110100111110001010111100
01000101111
001101011011001111011001000000111010001101010010111
11000110011001000110010
10100011000110000101001011110011100100101
0110010011110110
0101100001001100101011111010011
00110010011000100001100001010011000011101110101001110010110
01100101011
0110011101101111111100110011100011010101000010100
1111010000000010100110111000110111
101001
10111100011000001111000010011111011011101
110000111
0110111101
11110101010110
10101001011000
001001101
0011110011111
110000
0100111011010011010
100011010000100101111110101001010
0001011000101101
010101010010111100100
0101111110110010101
111010011010101111
100011010010100001101000010010011
0000000100000101010101101111110101100000110110
1101011110110100
1101000100000001101001110011100000000111001010
10000110110000
00111010
1101010111
100100010010
001001100
000001
101111110110010001100010110110100001001110111111101010011001000000011110010001111100100101110010110
0001001011100001101110
11000000111011000100001011010101010110010111000000
11100001010010101010101100010011010010111
10011100001110111111101011101100
000011
10000001010111110
100101011111000011100111010000000001101101
1100100000010111000000110000100111110111101001000011010
0101000110010101010
100000000111100011100000100001101000100101010
0000000100001000111010010011001110101101010110
1100011101111
10111100101101011100011110010001
00110101011011011001
010111001
001011000010001111101000110011111100
0000101100000000110110101001111100010001101111001101010010001010
011011111110011011011001111010100010010110010011100011011110001100101010000100
111100100000110000111110100101111100011
1
